thimble_leds:
  - id: 22
    position: [-0.0186870, 0.00871388, 0.00825649]
  - id: 21
    position: [-0.0162368, -0.00254944, 0.0143200]
  - id: 20
    position: [-0.00848384, 0.0140769, 0.0143200]