image_width: 1280
image_height: 720
camera_name: camera
camera_matrix:
  rows: 3
  cols: 3
  data: [1324.759024, 0, 632.741238, 0, 1330.404285, 362.516198, 0, 0, 1]
distortion_model: plumb_bob
distortion_coefficients:
  rows: 1
  cols: 5
  data: [0.158177, -0.515882, -0.004888, -0.00254, 0]
rectification_matrix:
  rows: 3
  cols: 3
  data: [1, 0, 0, 0, 1, 0, 0, 0, 1]
projection_matrix:
  rows: 3
  cols: 4
  data: [1336.033569, 0, 629.545852, 0, 0, 1346.638428, 360.02734, 0, 0, 0, 1, 0]
