acc_x_offset: -0.0007771030068397522
acc_y_offset: -0.01602580025792122
angular_vel_z_offset: -0.005296330433338881