# oST version 5.0 parameters


[image]

width
1280

height
720

[narrow_stereo]

camera matrix
1324.759024 0.000000 632.741238
0.000000 1330.404285 362.516198
0.000000 0.000000 1.000000

distortion
0.158177 -0.515882 -0.004888 -0.002540 0.000000

rectification
1.000000 0.000000 0.000000
0.000000 1.000000 0.000000
0.000000 0.000000 1.000000

projection
1336.033569 0.000000 629.545852 0.000000
0.000000 1346.638428 360.027340 0.000000
0.000000 0.000000 1.000000 0.000000

